1,1,122.02,334.91,133.57999999999998,56.31,1,1,1.0
1,2,209.38,251.48,93.47000000000003,38.859999999999985,1,1,0.0
1,3,733.89,265.44,72.36000000000001,39.35000000000002,1,1,1.0
2,1,96.9,337.91,138.29999999999998,58.69,1,1,1.0
2,2,209.38,251.48,93.47000000000003,39.03,1,1,0.0
2,3,719.71,268.8,72.36000000000001,37.5,1,1,1.0
3,1,74.14,339.1,140.66000000000003,62.89999999999998,1,1,1.0
3,2,209.38,251.48,93.47000000000003,39.190000000000026,1,1,0.0
3,3,707.22,270.85,76.07999999999993,39.549999999999955,1,1,1.0
4,1,47.78,345.09,144.22,62.900000000000034,1,1,1.0
4,2,209.38,251.48,93.47000000000003,39.349999999999994,1,1,0.0
4,3,692.11,272.34,77.18999999999994,38.960000000000036,1,1,1.0
5,1,21.42,348.69,148.38,62.889999999999986,1,1,1.0
5,2,209.38,251.48,93.47000000000003,39.51000000000002,1,1,0.0
5,3,678.5,273.83,77.19000000000005,39.56999999999999,1,1,1.0
6,1,0.0,348.69,148.24,67.70999999999998,1,1,1.0
6,2,209.38,251.48,93.47000000000003,39.66999999999999,1,1,0.0
6,3,665.07,274.2,77.18999999999994,41.80000000000001,1,1,1.0
7,1,0.0,353.5,125.47,67.69999999999999,1,1,1.0
7,2,209.38,251.48,93.47000000000003,39.83000000000001,1,1,0.0
7,3,650.3,275.99,78.40000000000009,43.31,1,1,1.0
8,1,0.0,357.09,102.71,70.11000000000001,1,1,1.0
8,2,209.38,251.48,93.47000000000003,40.00000000000003,1,1,0.0
8,3,634.8,278.31,81.5200000000001,43.31,1,1,1.0
9,1,0.0,363.08,77.55,58.72000000000003,1,1,1.0
9,2,209.38,251.48,93.47000000000003,40.16,1,1,0.0
9,3,620.1,279.47,81.52999999999997,43.309999999999945,1,1,1.0
10,1,0.0,367.88,48.2,58.70999999999998,1,1,1.0
10,2,209.38,251.48,93.47000000000003,40.32000000000002,1,1,1.0
10,3,604.25,281.79,84.25,43.31,1,1,1.0
11,1,0.0,373.87,26.64,54.52999999999997,1,1,1.0
11,2,209.38,251.54,93.47000000000003,40.359999999999985,1,1,1.0
11,3,590.33,282.96,84.66999999999996,44.84000000000003,1,1,0.0
12,2,209.38,251.61,93.47000000000003,40.389999999999986,1,1,1.0
12,3,572.15,284.89,89.75,44.84000000000003,1,1,0.0
13,2,209.38,251.68,93.47000000000003,40.420000000000016,1,1,1.0
13,3,557.07,287.98,91.32999999999993,48.31999999999999,1,1,0.0
14,2,209.38,251.75,93.47000000000003,40.44999999999999,1,1,1.0
14,3,538.89,289.92,93.61000000000001,50.27999999999997,1,1,0.0
15,2,209.38,251.82,93.47000000000003,40.48000000000002,1,1,1.0
15,3,519.94,292.62,97.45999999999992,50.29000000000002,1,1,0.0
16,2,209.38,251.89,93.47000000000003,40.50999999999999,1,1,1.0
16,3,507.95,293.8,96.34999999999997,50.69999999999999,1,1,0.0
17,2,209.38,251.95,93.47000000000003,40.55000000000001,1,1,1.0
17,3,493.65,298.83,92.46000000000004,48.370000000000005,1,1,0.0
18,2,209.38,252.02,93.47000000000003,40.58000000000001,1,1,1.0
18,3,474.3,299.6,95.99999999999994,48.370000000000005,1,1,0.0
19,2,209.38,252.09,93.47000000000003,40.609999999999985,1,1,1.0
19,3,458.4,302.69,96.39999999999998,49.910000000000025,1,1,0.0
20,2,209.38,252.16,93.47000000000003,40.640000000000015,1,1,1.0
20,3,440.28,304.2,98.51999999999998,52.54000000000002,1,1,0.0
21,2,209.38,252.23,93.47000000000003,40.66999999999999,1,1,1.0
21,3,423.2,307.31,101.09999999999997,52.54000000000002,1,1,1.0
22,2,209.38,252.3,93.47000000000003,40.69999999999999,1,1,1.0
22,3,406.63,308.9,101.10000000000002,55.60000000000002,1,1,1.0
23,2,209.38,252.36,93.47000000000003,40.74000000000001,1,1,1.0
23,3,387.47,313.04,104.22999999999996,55.599999999999966,1,1,1.0
24,2,209.38,252.43,93.47000000000003,40.76999999999998,1,1,1.0
24,3,367.28,316.67,107.82000000000005,55.629999999999995,1,1,1.0
25,2,209.38,252.5,93.47000000000003,40.80000000000001,1,1,1.0
25,3,349.68,318.22,107.82,58.17999999999995,1,1,1.0
26,2,209.38,252.5,93.47000000000003,40.829999999999984,1,1,1.0
26,3,327.94,322.88,111.45999999999998,60.22000000000003,1,1,1.0
27,2,209.38,252.5,93.47000000000003,40.860000000000014,1,1,1.0
27,3,307.75,327.02,114.55000000000001,60.22000000000003,1,1,1.0
28,2,209.38,252.5,93.47000000000003,40.889999999999986,1,1,1.0
28,3,287.56,330.6,116.13999999999999,63.889999999999986,1,1,1.0
29,2,209.38,252.5,93.47000000000003,40.920000000000016,1,1,1.0
29,3,265.29,334.22,120.31,63.889999999999986,1,1,1.0
30,2,209.38,252.5,93.47000000000003,40.94999999999999,1,1,1.0
30,3,245.1,336.81,121.29999999999998,63.889999999999986,1,1,1.0
31,2,209.38,252.5,93.47000000000003,40.98000000000002,1,1,1.0
31,3,222.32,339.9,122.88,64.90000000000003,1,1,1.0
32,2,209.38,252.5,93.47000000000003,41.01999999999998,1,1,1.0
32,3,200.06,344.04,128.04000000000002,66.95999999999998,1,1,1.0
33,2,209.38,252.5,93.47000000000003,41.05000000000001,1,1,1.0
33,3,175.7,346.11,132.7,68.99000000000001,1,1,1.0
34,2,209.38,252.5,93.47000000000003,41.079999999999984,1,1,1.0
34,3,148.78,352.84,137.92,65.88000000000005,1,1,1.0
35,2,209.38,252.5,93.47000000000003,41.110000000000014,1,1,1.0
35,3,126.52,358.54,137.92000000000002,65.87,1,1,1.0
36,2,209.38,252.5,93.47000000000003,41.139999999999986,1,1,1.0
36,3,102.7,360.61,142.60000000000002,68.99000000000001,1,1,1.0
37,2,209.38,252.5,93.47000000000003,41.170000000000016,1,1,1.0
37,3,73.71,366.82,149.39,68.99000000000001,1,1,1.0
38,2,209.38,252.5,93.47000000000003,41.19999999999999,1,1,1.0
38,3,47.31,369.93,150.89,71.57,1,1,1.0
39,2,209.38,252.5,93.47000000000003,41.23000000000002,1,1,1.0
39,3,16.76,375.1,159.74,71.57999999999998,1,1,1.0
40,2,209.38,252.5,93.47000000000003,41.25999999999999,1,1,1.0
40,3,0.0,376.1,150.61,78.29999999999995,1,1,1.0
41,2,209.38,252.5,93.47000000000003,41.29000000000002,1,1,1.0
41,3,0.0,382.31,127.3,78.30000000000001,1,1,1.0
42,2,209.38,252.5,93.47000000000003,41.31999999999999,1,1,1.0
42,3,0.0,386.45,102.45,83.94999999999999,1,1,1.0
43,2,209.38,252.5,93.47000000000003,41.35000000000002,1,1,1.0
43,3,0.0,390.08,75.53,68.42000000000002,1,1,1.0
44,2,209.38,252.5,93.47000000000003,41.379999999999995,1,1,1.0
44,3,0.0,401.47,49.64,62.72999999999996,1,1,1.0
45,2,209.38,252.5,93.47000000000003,41.420000000000016,1,1,1.0
45,3,0.0,407.16,23.24,62.72999999999996,1,1,1.0
46,2,209.38,252.5,93.47000000000003,41.44999999999999,1,1,1.0
47,2,209.38,252.5,93.47000000000003,41.48000000000002,1,1,1.0
48,2,209.38,252.5,93.47000000000003,41.50999999999999,1,1,1.0
49,2,209.38,252.5,93.47000000000003,41.54000000000002,1,1,1.0
50,2,209.38,252.5,93.47000000000003,41.56999999999999,1,1,1.0
51,2,209.38,252.5,93.47000000000003,41.60000000000002,1,1,1.0
52,2,209.38,252.5,93.47000000000003,41.629999999999995,1,1,1.0
52,4,944.83,222.81,15.169999999999959,57.49000000000001,1,1,1.0
53,2,209.38,252.5,93.47000000000003,41.660000000000025,1,1,1.0
53,4,940.49,223.82,19.50999999999999,57.49000000000001,1,1,1.0
54,2,209.38,252.5,93.47000000000003,41.69,1,1,1.0
54,4,936.5,223.82,23.5,62.879999999999995,1,1,1.0
54,5,939.99,233.42,16.970000000000027,28.340000000000003,1,1,0.0
55,2,209.38,252.5,93.47000000000003,41.72000000000003,1,1,1.0
55,4,932.8,223.82,27.200000000000045,62.879999999999995,1,1,1.0
55,5,937.19,235.66,22.809999999999945,28.340000000000003,1,1,0.0
56,2,209.38,252.5,93.47000000000003,41.75,1,1,1.0
56,4,927.79,224.82,32.210000000000036,62.879999999999995,1,1,1.0
56,5,931.22,237.0,28.779999999999973,29.80000000000001,1,1,0.0
57,2,209.38,252.5,93.47000000000003,41.77999999999997,1,1,1.0
57,4,922.7,224.82,37.299999999999955,67.18,1,1,1.0
57,5,926.93,238.3,33.07000000000005,29.80000000000001,1,1,0.0
58,2,209.38,252.5,93.47000000000003,41.81999999999999,1,1,1.0
58,4,917.4,225.8,42.60000000000002,66.19999999999999,1,1,1.0
58,5,921.34,237.9,38.65999999999997,31.140000000000015,1,1,0.0
59,2,209.38,252.5,93.47000000000003,41.85000000000002,1,1,1.0
59,4,911.0,225.8,49.0,66.19999999999999,1,1,1.0
59,5,915.93,239.02,44.07000000000005,31.140000000000015,1,1,0.0
60,2,209.38,252.5,93.47000000000003,41.879999999999995,1,1,1.0
60,4,907.7,225.8,52.299999999999955,69.89999999999998,1,1,1.0
60,5,910.15,237.2,45.35000000000002,33.52000000000004,1,1,0.0
61,2,209.38,252.5,93.47000000000003,41.910000000000025,1,1,1.0
61,4,902.7,225.8,57.299999999999955,72.89999999999998,1,1,1.0
61,5,906.42,239.81,45.35000000000002,29.389999999999986,1,1,0.0
62,2,209.38,252.5,93.47000000000003,41.94,1,1,1.0
62,4,895.7,225.8,64.29999999999995,72.89999999999998,1,1,1.0
62,5,900.07,242.05,45.3599999999999,29.389999999999986,1,1,0.0
63,2,209.38,252.5,93.47000000000003,41.97000000000003,1,1,1.0
63,4,890.0,225.8,70.0,72.89999999999998,1,1,1.0
63,5,894.29,243.17,45.360000000000014,29.390000000000015,1,1,0.0
64,2,209.38,252.5,93.47000000000003,42.0,1,1,1.0
64,4,884.3,225.8,75.70000000000005,72.89999999999998,1,1,1.0
64,5,887.21,243.91,45.34999999999991,29.390000000000015,1,1,0.0
65,2,209.38,253.05,93.47000000000003,41.44999999999999,1,1,1.0
65,4,879.0,226.1,81.0,75.29999999999998,1,1,1.0
65,5,881.61,244.66,45.35000000000002,29.390000000000015,1,1,0.0
66,2,209.38,253.6,93.47000000000003,40.900000000000006,1,1,1.0
66,4,873.7,226.1,86.29999999999995,75.29999999999998,1,1,1.0
66,5,875.64,246.15,45.360000000000014,29.390000000000015,1,1,0.0
67,2,209.38,254.15,93.47000000000003,40.349999999999994,1,1,1.0
67,4,867.33,227.1,92.66999999999996,79.6,1,1,1.0
67,5,868.18,247.64,45.360000000000014,29.389999999999986,1,1,0.0
68,2,209.38,254.7,93.47000000000003,39.80000000000001,1,1,1.0
68,4,860.6,227.1,99.39999999999998,79.6,1,1,1.0
68,5,861.54,247.93,45.35000000000002,29.389999999999986,1,1,0.0
69,2,209.38,254.7,93.47000000000003,39.80000000000001,1,1,1.0
69,4,853.9,227.1,106.10000000000002,80.6,1,1,1.0
69,5,855.94,249.43,45.3599999999999,29.379999999999995,1,1,0.0
70,2,209.38,254.7,93.47000000000003,39.80000000000001,1,1,1.0
70,4,849.9,227.1,110.10000000000002,85.6,1,1,1.0
70,5,848.86,250.17,45.35000000000002,29.390000000000015,1,1,0.0
71,2,209.38,254.7,93.47000000000003,39.80000000000001,1,1,1.0
71,4,840.5,227.1,119.5,86.6,1,1,1.0
71,5,841.58,250.73,45.360000000000014,29.390000000000015,1,1,0.0
72,2,209.38,254.7,93.47000000000003,39.80000000000001,1,1,1.0
72,4,833.5,227.1,126.5,87.9,1,1,1.0
72,5,834.87,251.48,45.35000000000002,29.390000000000015,1,1,0.0
73,2,209.38,254.7,93.47000000000003,39.80000000000001,1,1,1.0
73,4,825.8,228.8,134.20000000000005,87.5,1,1,1.0
73,5,824.61,252.97,41.09000000000003,29.390000000000015,1,1,0.0
74,2,209.38,254.7,93.47000000000003,39.80000000000001,1,1,1.0
74,4,816.4,230.8,143.60000000000002,86.5,1,1,1.0
74,5,815.85,253.53,41.07999999999993,27.669999999999987,1,1,0.0
75,2,209.38,254.7,93.47000000000003,39.80000000000001,1,1,1.0
75,4,808.4,231.4,151.60000000000002,86.6,1,1,1.0
75,5,808.57,256.51,41.08999999999992,27.670000000000016,1,1,0.0
76,2,209.38,254.7,93.47000000000003,39.80000000000001,1,1,1.0
76,4,800.7,232.4,159.29999999999995,88.9,1,1,1.0
76,5,800.18,256.9,41.09000000000003,28.960000000000036,1,1,0.0
77,2,209.38,254.7,93.47000000000003,39.80000000000001,1,1,1.0
77,4,794.4,233.4,165.60000000000002,89.29999999999998,1,1,1.0
77,5,790.48,257.65,41.09000000000003,28.960000000000036,1,1,0.0
78,2,209.38,254.7,93.47000000000003,39.80000000000001,1,1,1.0
78,4,785.0,235.4,173.70000000000005,91.29999999999998,1,1,1.0
78,5,779.85,259.14,41.09000000000003,28.960000000000036,1,1,0.0
79,2,209.38,254.7,93.47000000000003,39.80000000000001,1,1,1.0
79,4,776.7,235.1,175.29999999999995,91.6,1,1,1.0
79,5,769.97,259.14,41.08999999999992,28.960000000000036,1,1,0.0
79,6,929.41,235.54,30.590000000000032,32.22,1,1,0.0
80,2,209.38,254.7,93.47000000000003,39.80000000000001,1,1,1.0
80,4,765.3,236.1,181.0,92.9,1,1,1.0
80,5,759.71,261.38,41.08999999999992,28.220000000000027,1,1,0.0
80,6,925.83,236.89,30.589999999999918,32.210000000000036,1,1,0.0
81,2,209.38,254.7,93.47000000000003,39.80000000000001,1,1,1.0
81,4,760.6,238.1,180.69999999999993,93.6,1,1,1.0
81,5,749.27,261.0,41.09000000000003,28.230000000000018,1,1,0.0
81,6,920.91,237.78,30.590000000000032,32.22,1,1,0.0
82,2,209.38,254.7,93.47000000000003,39.80000000000001,1,1,1.0
82,4,750.9,238.1,186.70000000000005,93.6,1,1,1.0
82,5,739.75,261.38,41.09000000000003,28.920000000000016,1,1,0.0
82,6,915.54,238.68,30.590000000000032,32.20999999999998,1,1,0.0
83,2,209.38,254.7,93.47000000000003,39.80000000000001,1,1,1.0
83,4,742.2,240.4,188.0,95.29999999999998,1,1,1.0
83,5,729.5,261.56,41.09000000000003,29.639999999999986,1,1,0.0
83,6,910.17,240.02,30.590000000000032,32.22,1,1,0.0
84,2,209.38,254.7,93.47000000000003,39.80000000000001,1,1,1.0
84,4,733.5,240.0,191.39999999999998,95.69999999999999,1,1,1.0
84,5,718.49,262.87,41.09000000000003,29.639999999999986,1,1,0.0
84,6,902.11,240.91,30.600000000000023,32.22,1,1,0.0
85,2,209.38,254.7,93.47000000000003,39.80000000000001,1,1,1.0
85,4,722.5,240.4,196.39999999999998,98.29999999999998,1,1,1.0
85,5,707.86,262.68,41.09000000000003,29.639999999999986,1,1,0.0
85,6,896.3,240.91,30.590000000000032,32.22,1,1,0.0
86,2,209.38,254.7,93.47000000000003,39.80000000000001,1,1,1.0
86,4,713.5,240.03,199.0,100.6,1,1,1.0
86,5,697.05,263.4,42.25,29.850000000000023,1,1,0.0
86,6,891.82,241.36,30.59999999999991,32.21999999999997,1,1,0.0
87,2,209.38,254.7,93.47000000000003,39.80000000000001,1,1,1.0
87,4,705.1,242.7,200.69999999999993,102.0,1,1,1.0
87,5,687.72,263.4,47.67999999999995,30.78000000000003,1,1,0.0
87,6,884.66,241.81,30.600000000000023,32.21999999999997,1,1,0.0
88,2,209.38,254.7,93.47000000000003,39.80000000000001,1,1,1.0
88,4,699.3,243.5,199.9000000000001,101.19999999999999,1,1,1.0
88,5,675.04,264.15,47.680000000000064,30.78000000000003,1,1,0.0
88,6,879.29,243.15,30.600000000000023,32.22,1,1,0.0
89,2,209.38,254.7,93.47000000000003,39.80000000000001,1,1,1.0
89,4,691.6,244.3,200.29999999999995,104.69999999999999,1,1,1.0
89,5,664.04,264.52,47.67000000000007,30.78000000000003,1,1,0.0
89,6,872.58,243.15,30.589999999999918,32.22,1,1,0.0
90,2,209.38,254.7,93.47000000000003,39.80000000000001,1,1,1.0
90,4,685.41,243.9,200.30000000000007,110.9,1,1,1.0
90,5,653.03,265.64,47.680000000000064,30.78000000000003,1,1,0.0
90,6,850.2,244.05,46.25999999999999,32.20999999999998,1,1,0.0
91,2,209.38,254.7,93.47000000000003,39.80000000000001,1,1,1.0
91,4,666.1,245.83,213.41999999999996,107.77000000000001,1,1,0.0
91,5,640.17,265.45,49.33000000000004,32.650000000000034,1,1,0.0
91,6,838.6,244.49,50.69999999999993,32.21999999999997,1,1,0.0
92,2,209.38,254.7,93.47000000000003,39.80000000000001,1,1,1.0
92,4,658.75,247.77,213.42999999999995,107.75999999999996,1,1,0.0
92,5,627.67,265.83,72.23000000000002,32.47000000000003,1,1,0.0
92,6,833.2,245.84,50.289999999999964,32.21000000000001,1,1,0.0
93,2,209.38,254.7,93.47000000000003,39.80000000000001,1,1,1.0
93,4,645.6,247.38,219.23000000000002,112.82,1,1,1.0
93,5,614.05,266.38,72.24000000000001,32.48000000000002,1,1,0.0
93,6,820.7,245.84,54.27999999999997,32.21000000000001,1,1,0.0
94,2,209.38,254.7,93.47000000000003,39.80000000000001,1,1,1.0
94,4,632.5,248.93,224.21000000000004,112.82,1,1,1.0
94,5,603.61,266.94,78.78999999999996,32.48000000000002,1,1,0.0
94,6,817.5,244.94,48.98000000000002,32.22000000000003,1,1,0.0
95,2,209.38,254.7,93.47000000000003,39.80000000000001,1,1,1.0
95,4,622.45,249.31,226.14999999999998,115.88999999999999,1,1,1.0
95,5,590.91,266.61,78.79000000000008,32.46999999999997,1,1,0.0
95,6,799.14,246.28,60.180000000000064,32.22,1,1,0.0
96,2,209.38,254.7,93.47000000000003,39.80000000000001,1,1,0.0
96,4,608.5,249.31,234.70000000000005,119.79000000000002,1,1,1.0
96,5,577.54,268.62,78.79000000000008,32.46999999999997,1,1,0.0
96,6,792.43,247.18,60.180000000000064,32.21999999999997,1,1,0.0
97,2,209.38,254.7,93.47000000000003,39.80000000000001,1,1,0.0
97,4,600.77,250.47,234.70000000000005,119.78999999999999,1,1,1.0
97,5,565.51,269.28,85.09000000000003,32.48000000000002,1,1,0.0
97,6,785.3,248.97,59.710000000000036,32.21000000000001,1,1,0.0
98,2,209.38,254.7,93.47000000000003,39.80000000000001,1,1,0.0
98,4,585.8,250.47,240.10000000000002,119.78999999999999,1,1,1.0
98,5,553.81,269.62,85.09000000000003,33.77999999999997,1,1,0.0
98,6,772.77,248.52,59.710000000000036,32.22,1,1,0.0
99,2,209.38,254.7,93.47000000000003,39.80000000000001,1,1,0.0
99,4,573.82,252.87,246.07999999999993,125.13,1,1,1.0
99,5,539.1,268.95,97.10000000000002,33.78000000000003,1,1,0.0
99,6,767.4,247.63,59.710000000000036,32.20999999999998,1,1,0.0
100,2,209.38,254.7,93.47000000000003,39.80000000000001,1,1,0.0
100,4,559.4,254.7,250.89999999999998,123.30000000000001,1,1,1.0
100,5,526.07,270.29,97.08999999999992,33.77999999999997,1,1,0.0
100,6,757.11,249.86,59.710000000000036,32.21999999999997,1,1,0.0
101,2,209.38,254.7,93.47000000000003,39.80000000000001,1,1,0.0
101,4,545.6,257.7,255.69999999999993,125.10000000000002,1,1,1.0
101,5,510.02,270.96,97.10000000000002,33.78000000000003,1,1,0.0
101,6,743.24,251.65,59.710000000000036,32.22,1,1,0.0
102,2,209.38,254.7,93.47000000000003,39.80000000000001,1,1,0.0
102,4,531.8,257.7,262.30000000000007,128.7,1,1,1.0
102,5,498.66,271.96,97.09999999999997,33.78000000000003,1,1,0.0
102,6,734.74,250.76,59.700000000000045,32.210000000000036,1,1,0.0
103,2,209.38,254.7,93.47000000000003,39.80000000000001,1,1,0.0
103,4,518.0,257.7,267.70000000000005,133.5,1,1,1.0
103,5,484.62,271.62,97.10000000000002,33.79000000000002,1,1,0.0
103,6,727.13,250.76,59.710000000000036,32.210000000000036,1,1,0.0
104,2,209.38,254.7,93.47000000000003,39.80000000000001,1,1,0.0
104,4,506.0,257.7,270.1,133.5,1,1,1.0
104,5,470.25,271.29,103.14999999999998,33.77999999999997,1,1,0.0
104,6,698.0,252.55,80.34000000000003,32.20999999999998,1,1,0.0
104,7,949.97,227.73,10.029999999999973,41.380000000000024,1,1,1.0
105,2,209.38,254.7,93.47000000000003,39.80000000000001,1,1,0.0
105,4,491.6,261.9,284.5,129.3,1,1,1.0
105,5,457.55,272.96,103.15000000000003,33.78000000000003,1,1,0.0
105,6,688.7,253.44,79.79999999999995,38.45999999999998,1,1,0.0
105,7,946.88,227.34,13.120000000000005,41.359999999999985,1,1,1.0
106,2,209.38,254.7,93.47000000000003,39.80000000000001,1,1,0.0
106,4,476.6,266.1,280.9,136.5,1,1,1.0
106,5,443.51,273.63,107.78999999999996,33.78000000000003,1,1,0.0
106,6,676.17,253.89,79.80000000000007,38.460000000000036,1,1,0.0
106,7,941.47,214.19,18.529999999999973,50.610000000000014,1,1,1.0
107,2,209.38,254.7,93.47000000000003,39.80000000000001,1,1,0.0
107,4,461.6,267.3,288.11,137.09999999999997,1,1,1.0
107,5,429.47,274.3,106.82999999999993,33.77999999999997,1,1,0.0
107,6,666.85,254.93,79.79999999999995,38.44999999999999,1,1,0.0
107,7,936.05,214.19,23.950000000000045,50.610000000000014,1,1,1.0
108,2,209.38,254.7,93.47000000000003,39.80000000000001,1,1,0.0
108,4,446.0,270.29,293.53,137.10999999999996,1,1,1.0
108,5,414.76,275.97,106.83000000000004,33.77999999999997,1,1,0.0
108,6,654.43,254.93,79.80000000000007,38.44999999999999,1,1,0.0
108,7,932.19,214.97,23.93999999999994,50.599999999999994,1,1,1.0
109,2,209.38,254.7,93.47000000000003,39.80000000000001,1,1,0.0
109,4,438.21,271.49,293.53000000000003,142.51,1,1,1.0
109,5,400.06,276.64,106.82999999999998,33.78000000000003,1,1,0.0
109,6,629.6,254.41,95.30999999999995,38.45000000000002,1,1,0.0
109,7,932.19,214.97,27.809999999999945,50.599999999999994,1,1,1.0
110,2,209.38,254.7,93.47000000000003,39.80000000000001,1,1,0.0
110,4,411.3,271.49,308.46,150.31,1,1,1.0
110,5,385.36,275.1,106.82999999999998,36.089999999999975,1,1,0.0
110,6,617.69,256.48,95.30999999999995,38.45999999999998,1,1,0.0
110,7,922.9,214.19,37.10000000000002,53.70999999999998,1,1,1.0
111,2,209.38,254.7,93.47000000000003,39.80000000000001,1,1,0.0
111,4,401.71,272.69,308.46999999999997,150.31,1,1,1.0
111,5,372.21,275.87,106.83000000000004,36.10000000000002,1,1,0.0
111,6,605.27,255.44,95.31000000000006,38.45999999999998,1,1,0.0
111,7,915.94,214.19,44.059999999999945,53.31,1,1,1.0
112,2,209.38,254.7,93.47000000000003,39.80000000000001,1,1,0.0
112,4,387.3,275.08,313.29,152.72000000000003,1,1,1.0
112,5,358.68,278.58,106.82999999999998,36.09000000000003,1,1,0.0
112,6,593.88,256.48,95.31000000000006,38.45999999999998,1,1,0.0
112,7,912.08,215.35,47.91999999999996,52.150000000000006,1,1,1.0
113,2,209.38,254.7,93.47000000000003,39.80000000000001,1,1,0.0
113,4,365.1,276.28,324.11,157.52000000000004,1,1,1.0
113,5,342.82,277.4,106.82999999999998,36.89000000000004,1,1,0.0
113,6,581.45,257.51,95.30999999999995,38.460000000000036,1,1,0.0
113,7,903.96,215.35,56.039999999999964,55.25000000000003,1,1,1.0
114,2,209.38,254.7,93.47000000000003,39.80000000000001,1,1,0.0
114,4,351.9,279.88,327.73,159.32,1,1,1.0
114,5,329.67,279.33,108.72999999999996,36.89000000000004,1,1,0.0
114,6,563.8,258.55,100.0200000000001,38.45999999999998,1,1,0.0
114,7,901.63,214.2,58.370000000000005,57.56,1,1,1.0
115,2,209.38,254.7,93.47000000000003,39.80000000000001,1,1,0.0
115,4,330.9,279.88,337.35,164.72000000000003,1,1,1.0
115,5,314.98,280.11,108.71999999999997,36.879999999999995,1,1,0.0
115,6,546.2,259.59,105.70999999999992,38.450000000000045,1,1,0.0
115,7,898.15,213.8,61.85000000000002,58.349999999999966,1,1,1.0
116,2,209.38,254.7,93.47000000000003,39.80000000000001,1,1,0.0
116,4,308.1,281.07,351.76,169.53000000000003,1,1,1.0
116,5,298.35,281.65,108.72999999999996,36.89000000000004,1,1,0.0
116,6,537.4,260.62,101.57000000000005,38.45999999999998,1,1,0.0
116,7,894.67,213.4,65.33000000000004,59.12999999999997,1,1,1.0
117,2,209.38,254.7,93.47000000000003,39.80000000000001,1,1,0.0
117,4,292.53,283.47,351.75,169.52999999999997,1,1,1.0
117,5,281.33,282.43,112.17000000000002,36.889999999999986,1,1,0.0
117,6,524.0,261.14,101.50999999999999,38.460000000000036,1,1,0.0
117,7,893.1,213.4,66.89999999999998,59.12999999999997,1,1,1.0
118,2,209.38,254.7,93.47000000000003,39.80000000000001,1,1,0.0
118,4,262.0,283.47,373.29999999999995,176.72999999999996,1,1,1.0
118,5,267.41,283.97,112.16999999999996,36.889999999999986,1,1,0.0
118,6,505.9,261.14,107.18000000000006,38.460000000000036,1,1,0.0
118,7,883.8,214.95,76.20000000000005,59.94999999999999,1,1,1.0
119,2,209.38,254.7,93.47000000000003,39.80000000000001,1,1,0.0
119,4,247.03,287.66,373.2900000000001,176.72999999999996,1,1,1.0
119,5,252.72,284.75,112.16,36.889999999999986,1,1,0.0
119,6,491.9,261.66,108.24000000000001,38.44999999999999,1,1,0.0
119,7,884.2,214.95,74.29999999999995,60.75,1,1,1.0
120,2,209.38,254.7,93.47000000000003,39.80000000000001,1,1,0.0
120,4,225.5,287.66,384.64,185.73999999999995,1,1,1.0
120,5,233.38,285.52,116.01999999999998,41.48000000000002,1,1,0.0
120,6,480.0,262.69,105.63999999999999,38.45999999999998,1,1,0.0
120,7,877.2,216.11,76.65999999999997,59.99000000000001,1,1,1.0
121,2,209.38,254.7,93.47000000000003,39.80000000000001,1,1,0.0
121,4,214.12,291.86,384.64,185.72999999999996,1,1,1.0
121,5,219.84,287.84,116.02000000000001,41.48000000000002,1,1,0.0
121,6,463.5,263.73,107.64999999999998,38.44999999999999,1,1,0.0
121,7,872.95,216.11,76.65999999999997,59.99000000000001,1,1,1.0
122,2,209.38,254.7,93.47000000000003,39.80000000000001,1,1,0.0
122,4,168.0,294.25,418.17999999999995,189.35000000000002,1,1,1.0
122,5,203.6,289.39,116.02000000000001,41.48000000000002,1,1,0.0
122,6,451.1,263.73,107.29999999999995,38.44999999999999,1,1,0.0
122,7,867.92,216.49,76.66000000000008,60.0,1,1,1.0
123,2,209.38,254.7,93.47000000000003,39.80000000000001,1,1,0.0
123,4,153.62,297.25,418.18999999999994,189.35000000000002,1,1,1.0
123,5,185.43,288.62,119.07,44.579999999999984,1,1,0.0
123,6,435.6,265.27,108.89999999999998,38.460000000000036,1,1,0.0
123,7,863.28,217.65,76.66000000000008,59.99999999999997,1,1,1.0
124,2,209.38,254.7,93.47000000000003,39.80000000000001,1,1,0.0
124,4,141.0,297.85,417.03,200.14999999999998,1,1,1.0
124,5,167.64,288.62,122.56,44.579999999999984,1,1,0.0
124,6,423.22,266.43,108.89999999999998,38.45999999999998,1,1,0.0
124,7,854.8,217.27,80.88,60.03,1,1,1.0
125,2,209.38,254.7,93.47000000000003,39.80000000000001,1,1,0.0
125,4,115.8,300.24,429.05,209.76,1,1,1.0
125,5,151.78,289.78,122.55999999999997,44.58000000000004,1,1,1.0
125,6,405.8,266.82,114.71999999999997,42.68000000000001,1,1,0.0
125,7,849.39,216.49,80.88,60.039999999999964,1,1,1.0
126,2,209.38,254.7,93.47000000000003,39.80000000000001,1,1,0.0
126,4,87.2,303.84,442.08,209.75000000000006,1,1,1.0
126,5,131.67,290.16,126.03,44.589999999999975,1,1,1.0
126,6,390.72,266.05,114.71999999999997,42.68000000000001,1,1,0.0
126,7,844.36,217.65,80.88,60.03999999999999,1,1,1.0
127,2,209.38,254.7,93.47000000000003,39.80000000000001,1,1,0.0
127,4,46.5,307.43,467.08000000000004,216.27000000000004,1,1,1.0
127,5,114.27,293.64,127.23,44.59000000000003,1,1,1.0
127,6,375.2,267.59,115.93,48.81,1,1,0.0
127,7,837.0,219.2,83.99000000000001,60.80000000000001,1,1,1.0
128,2,209.38,254.7,93.47000000000003,39.80000000000001,1,1,0.0
128,4,35.37,309.29,467.08,216.26999999999992,1,1,1.0
128,5,97.25,294.42,127.22999999999999,44.579999999999984,1,1,1.0
128,6,364.37,267.59,115.93,48.81,1,1,0.0
128,7,832.36,219.97,83.99000000000001,60.79999999999998,1,1,1.0
129,2,209.38,254.7,93.47000000000003,39.80000000000001,1,1,0.0
129,4,19.59,309.29,467.09000000000003,216.26999999999992,1,1,1.0
129,5,80.24,295.58,127.23,44.58000000000004,1,1,1.0
129,6,348.9,267.59,115.93,48.81,1,1,0.0
129,7,826.94,220.75,83.9899999999999,60.80000000000001,1,1,1.0
130,2,209.38,254.7,93.47000000000003,39.80000000000001,1,1,0.0
130,4,0.0,312.07,469.98,227.93,1,1,1.0
130,5,60.13,296.35,128.77,44.579999999999984,1,1,1.0
130,6,334.53,268.19,115.93,48.81,1,1,0.0
130,7,818.0,220.75,87.13,61.55000000000001,1,1,1.0
131,2,209.38,254.7,93.47000000000003,39.80000000000001,1,1,0.0
131,4,0.0,312.07,455.13,227.93,1,1,1.0
131,5,40.79,299.06,133.01000000000002,44.579999999999984,1,1,1.0
131,6,320.15,269.99,115.93,48.81,1,1,0.0
131,7,812.59,220.36,87.13,61.55000000000001,1,1,1.0
132,2,209.38,254.7,93.47000000000003,39.80000000000001,1,1,0.0
132,4,0.0,316.23,438.5,223.76999999999998,1,1,1.0
132,5,20.29,300.6,135.31,46.099999999999966,1,1,1.0
132,6,302.2,271.2,120.69999999999999,52.400000000000034,1,1,0.0
132,7,807.56,220.75,87.13000000000011,61.55000000000001,1,1,1.0
133,2,209.38,254.7,93.47000000000003,39.80000000000001,1,1,0.0
133,4,0.0,321.77,421.86,218.23000000000002,1,1,1.0
133,5,3.28,302.92,135.3,46.099999999999966,1,1,1.0
133,6,285.43,273.6,120.69999999999999,52.39999999999998,1,1,0.0
133,7,801.76,221.52,87.13,61.54999999999998,1,1,1.0
134,2,209.38,254.7,93.47000000000003,39.80000000000001,1,1,0.0
134,4,0.0,322.47,405.92,217.52999999999997,1,1,1.0
134,5,0.0,303.31,118.5,46.10000000000002,1,1,1.0
134,6,271.05,273.6,120.70999999999998,52.39999999999998,1,1,0.0
134,7,791.7,222.29,89.83999999999992,62.31000000000003,1,1,1.0
134,8,682.01,522.1,93.01999999999998,17.899999999999977,1,1,1.0
135,2,209.38,254.7,93.47000000000003,39.80000000000001,1,1,0.0
135,4,0.0,326.63,388.6,213.37,1,1,1.0
135,5,0.0,305.24,102.26,48.45999999999998,1,1,1.0
135,6,255.48,273.6,120.70000000000002,52.39999999999998,1,1,0.0
135,7,786.67,222.29,89.84000000000003,62.31000000000003,1,1,1.0
135,8,690.83,517.29,107.46999999999991,22.710000000000036,1,1,1.0
136,2,209.38,254.7,93.47000000000003,39.80000000000001,1,1,0.0
136,4,0.0,331.48,369.88,208.51999999999998,1,1,1.0
136,5,0.0,306.4,82.92,48.460000000000036,1,1,1.0
136,6,238.71,275.39,120.70000000000002,52.400000000000034,1,1,0.0
136,7,777.4,223.5,94.10000000000002,63.39999999999998,1,1,1.0
136,8,694.03,510.88,116.26999999999998,29.120000000000005,1,1,1.0
137,2,209.38,254.7,93.47000000000003,39.80000000000001,1,1,0.0
137,4,0.0,332.17,351.86,207.82999999999998,1,1,1.0
137,5,0.0,307.95,62.04,44.55000000000001,1,1,1.0
137,6,220.1,277.79,127.92999999999998,52.39999999999998,1,1,0.0
137,7,771.6,221.95,93.70999999999992,65.75,1,1,1.0
137,8,702.05,504.46,129.95000000000005,35.54000000000002,1,1,1.0
138,2,209.38,254.7,93.47000000000003,39.80000000000001,1,1,0.0
138,4,0.0,340.49,331.07,199.51,1,1,1.0
138,5,0.0,311.43,45.4,42.96999999999997,1,1,1.0
138,6,202.1,275.39,130.35,52.400000000000034,1,1,0.0
138,7,765.41,223.1,93.71000000000004,62.66999999999999,1,1,1.0
138,8,713.28,498.85,140.42000000000007,41.14999999999998,1,1,1.0
139,2,209.38,254.7,93.47000000000003,39.80000000000001,1,1,0.0
139,4,0.0,342.57,310.97,197.43,1,1,1.0
139,5,0.0,316.85,27.6,39.049999999999955,1,1,1.0
139,6,186.53,278.39,130.35,52.400000000000034,1,1,0.0
139,7,757.7,224.26,95.62,62.670000000000016,1,1,1.0
139,8,714.08,493.24,153.2199999999999,46.75999999999999,1,1,1.0
140,2,209.38,254.7,93.47000000000003,39.80000000000001,1,1,0.0
140,4,0.0,345.34,292.95,194.66000000000003,1,1,1.0
140,5,0.0,318.39,7.5,32.910000000000025,1,1,1.0
140,6,170.3,280.19,130.40999999999997,52.39999999999998,1,1,0.0
140,7,751.12,224.26,95.63,62.670000000000016,1,1,1.0
140,8,723.7,490.03,162.79999999999995,49.97000000000003,1,1,1.0
141,2,209.38,254.7,93.47000000000003,39.80000000000001,1,1,0.0
141,4,0.0,350.89,268.69,189.11,1,1,1.0
141,6,156.52,283.78,130.41,52.400000000000034,1,1,0.0
141,7,741.5,224.26,98.28999999999996,65.74000000000001,1,1,1.0
141,8,731.72,483.61,172.38,56.389999999999986,1,1,1.0
142,2,209.38,254.7,93.47000000000003,39.80000000000001,1,1,0.0
142,4,0.0,353.66,245.13,186.33999999999997,1,1,1.0
142,6,137.35,281.98,130.41,52.39999999999998,1,1,0.0
142,7,735.7,225.03,98.28999999999996,65.73999999999998,1,1,1.0
142,8,741.35,479.6,140.25,60.39999999999998,1,1,1.0
143,2,209.38,254.7,93.47000000000003,39.80000000000001,1,1,0.0
143,4,0.0,359.9,222.95,180.10000000000002,1,1,1.0
143,6,122.38,282.58,130.41,52.400000000000034,1,1,0.0
143,7,727.19,226.97,98.28999999999996,65.73999999999998,1,1,1.0
143,8,755.78,475.59,130.62,64.41000000000003,1,1,1.0
144,2,209.38,254.7,93.47000000000003,39.80000000000001,1,1,0.0
144,4,0.0,362.67,201.46,177.32999999999998,1,1,1.0
144,6,100.8,283.18,137.01,59.01999999999998,1,1,1.0
144,7,719.46,226.97,98.27999999999997,65.73999999999998,1,1,1.0
144,8,764.6,469.18,131.39999999999998,70.82,1,1,1.0
145,2,209.38,254.7,93.47000000000003,39.80000000000001,1,1,1.0
145,4,0.0,366.83,177.21,173.17000000000002,1,1,1.0
145,6,84.03,284.38,137.01,59.01999999999998,1,1,1.0
145,7,713.27,226.19,98.28999999999996,65.74000000000001,1,1,1.0
145,8,775.0,464.37,127.39999999999998,75.63,1,1,1.0
146,2,209.38,254.89,93.47000000000003,39.889999999999986,1,1,1.0
146,4,0.0,370.29,156.41,169.70999999999998,1,1,1.0
146,6,66.66,286.77,137.01,59.02000000000004,1,1,1.0
146,7,706.31,227.74,98.29000000000008,65.74000000000001,1,1,1.0
146,8,785.42,459.56,125.78000000000009,80.44,1,1,1.0
147,2,209.38,255.08,93.47000000000003,39.97999999999999,1,1,1.0
147,4,0.0,374.45,130.77,165.55,1,1,1.0
147,6,41.5,286.77,145.99,59.02000000000004,1,1,1.0
147,7,692.0,227.74,105.25,65.74000000000001,1,1,1.0
147,8,795.05,454.74,125.7700000000001,84.86000000000001,1,1,1.0
148,2,209.38,255.27,93.47000000000003,40.059999999999974,1,1,1.0
148,4,0.0,375.14,105.82,164.86,1,1,1.0
148,6,27.12,289.17,146.0,59.01999999999998,1,1,1.0
148,7,681.9,226.97,107.23000000000002,65.73999999999998,1,1,1.0
148,8,804.67,449.93,125.78000000000009,89.27000000000004,1,1,1.0
149,2,209.38,255.46,93.47000000000003,40.150000000000006,1,1,1.0
149,4,0.0,384.85,79.48,155.14999999999998,1,1,1.0
149,6,9.2,290.97,147.74,59.01999999999998,1,1,1.0
149,7,675.33,227.74,107.21999999999991,65.74000000000001,1,1,1.0
149,8,814.29,442.72,116.11000000000001,89.25999999999999,1,1,1.0
150,2,209.38,255.64,93.47000000000003,40.25,1,1,1.0
150,4,0.0,392.47,49.68,147.52999999999997,1,1,1.0
150,6,0.0,291.77,134.49,59.02000000000004,1,1,1.0
150,7,667.59,227.74,107.23000000000002,65.74000000000001,1,1,1.0
150,8,823.11,441.11,116.11000000000001,89.26999999999998,1,1,1.0
151,2,209.38,255.83,93.47000000000003,40.34,1,1,1.0
151,4,0.0,402.87,18.49,137.13,1,1,1.0
151,6,0.0,291.77,118.45,59.02000000000004,1,1,1.0
151,7,657.2,228.9,109.88,65.73999999999998,1,1,1.0
151,8,828.73,434.7,116.10000000000002,89.26000000000005,1,1,1.0
152,2,209.38,256.02,93.47000000000003,40.420000000000016,1,1,1.0
152,6,0.0,291.77,104.02,59.02000000000004,1,1,1.0
152,7,645.2,230.45,112.99000000000001,65.74000000000001,1,1,1.0
152,8,837.55,425.88,116.10000000000002,89.25999999999999,1,1,1.0
153,2,209.38,256.21,93.47000000000003,40.51000000000005,1,1,1.0
153,6,0.0,294.38,86.4,59.01999999999998,1,1,1.0
153,7,636.31,230.45,112.99000000000001,68.05000000000001,1,1,1.0
153,8,842.36,425.88,116.11000000000001,89.25999999999999,1,1,1.0
154,2,209.38,256.4,93.47000000000003,40.60000000000002,1,1,1.0
154,6,0.0,294.98,67.23,59.01999999999998,1,1,1.0
154,7,629.34,231.61,112.99000000000001,68.05000000000001,1,1,1.0
154,8,850.38,421.06,109.62,89.26999999999998,1,1,1.0
155,2,209.38,256.4,93.47000000000003,40.60000000000002,1,1,1.0
155,6,0.0,296.17,50.46,59.01999999999998,1,1,1.0
155,7,621.61,230.06,112.99000000000001,68.05000000000001,1,1,1.0
155,8,858.4,413.05,101.60000000000002,89.25999999999999,1,1,1.0
156,2,209.38,256.4,93.47000000000003,40.60000000000002,1,1,1.0
156,6,0.0,300.37,30.09,59.01999999999998,1,1,1.0
156,7,612.65,230.93,112.99000000000001,70.67000000000002,1,1,1.0
156,8,868.82,418.7,91.17999999999995,78.0,1,1,1.0
157,2,209.38,256.4,93.47000000000003,40.60000000000002,1,1,1.0
157,6,0.0,302.17,13.9,59.01999999999998,1,1,1.0
157,7,603.41,231.5,112.99000000000001,70.68,1,1,1.0
157,8,874.44,411.48,85.55999999999995,78.0,1,1,1.0
158,2,209.38,256.4,93.47000000000003,40.60000000000002,1,1,1.0
158,7,591.6,230.93,119.01999999999998,70.67000000000002,1,1,1.0
158,8,880.05,411.48,79.95000000000005,78.0,1,1,1.0
159,2,209.38,256.4,93.47000000000003,40.60000000000002,1,1,1.0
159,7,579.47,231.79,119.01999999999998,70.68000000000004,1,1,1.0
159,8,888.07,406.67,71.92999999999995,78.0,1,1,1.0
160,2,209.38,256.4,93.47000000000003,40.60000000000002,1,1,1.0
160,7,571.96,230.06,119.01999999999998,70.67000000000002,1,1,1.0
160,8,894.48,398.65,65.51999999999998,78.0,1,1,1.0
161,2,209.38,256.4,93.47000000000003,40.60000000000002,1,1,1.0
161,7,559.8,230.35,121.65000000000009,70.66999999999999,1,1,1.0
161,8,900.9,401.1,59.10000000000002,71.53999999999996,1,1,1.0
162,2,209.38,256.4,93.47000000000003,40.60000000000002,1,1,1.0
162,7,549.98,232.1,121.64999999999998,72.70000000000002,1,1,0.0
162,8,906.51,399.5,53.49000000000001,66.73000000000002,1,1,1.0
163,2,209.38,256.4,93.47000000000003,40.60000000000002,1,1,1.0
163,7,540.45,233.25,121.63999999999999,72.69999999999999,1,1,0.0
163,8,911.32,396.3,48.67999999999995,63.50999999999999,1,1,1.0
164,2,209.38,256.4,93.47000000000003,40.60000000000002,1,1,1.0
164,7,530.33,234.41,121.64999999999998,72.70000000000002,1,1,0.0
164,8,919.34,393.09,40.65999999999997,63.51000000000005,1,1,1.0
165,2,209.38,256.4,93.47000000000003,40.60000000000002,1,1,1.0
165,7,519.36,234.99,121.63999999999999,72.69999999999999,1,1,0.0
165,8,924.16,388.3,35.84000000000003,61.889999999999986,1,1,1.0
166,2,209.38,256.4,93.47000000000003,40.60000000000002,1,1,1.0
166,7,511.24,236.15,121.63999999999999,72.70000000000002,1,1,0.0
166,8,928.97,385.89,31.029999999999973,61.889999999999986,1,1,1.0
167,2,209.38,256.4,93.47000000000003,40.60000000000002,1,1,1.0
167,7,493.4,234.99,128.65999999999997,72.69999999999999,1,1,0.0
167,8,932.17,382.69,27.83000000000004,61.889999999999986,1,1,1.0
168,2,209.38,256.4,93.47000000000003,40.60000000000002,1,1,1.0
168,7,482.57,238.08,128.66000000000003,72.69999999999996,1,1,0.0
168,8,939.39,386.7,20.610000000000014,53.06,1,1,1.0
169,2,209.38,256.4,93.47000000000003,40.60000000000002,1,1,1.0
169,7,472.52,236.54,128.64999999999998,72.70000000000002,1,1,0.0
169,8,945.0,388.3,15.0,49.860000000000014,1,1,1.0
170,2,209.38,256.4,93.47000000000003,40.60000000000002,1,1,1.0
170,7,458.59,237.7,132.91000000000003,72.69999999999999,1,1,0.0
170,8,950.62,393.9,9.379999999999995,42.660000000000025,1,1,1.0
171,2,209.38,256.4,93.47000000000003,40.60000000000002,1,1,1.0
171,7,447.37,237.31,132.91999999999996,72.69999999999999,1,1,0.0
171,8,954.6,393.9,5.399999999999977,42.660000000000025,1,1,1.0
172,2,209.38,256.4,93.47000000000003,40.60000000000002,1,1,1.0
172,7,436.93,240.02,132.92000000000002,72.70000000000002,1,1,0.0
173,2,209.38,256.4,93.47000000000003,40.60000000000002,1,1,1.0
173,7,426.49,235.38,132.91999999999996,72.69999999999999,1,1,0.0
174,2,209.38,256.4,93.47000000000003,40.60000000000002,1,1,1.0
174,7,413.73,238.47,132.91999999999996,77.72999999999999,1,1,0.0
175,2,209.38,256.4,93.47000000000003,40.60000000000002,1,1,1.0
175,7,404.06,240.02,132.92000000000002,77.72999999999999,1,1,1.0
176,2,209.38,256.4,93.47000000000003,40.60000000000002,1,1,1.0
176,7,390.14,240.4,132.91999999999996,77.72999999999999,1,1,1.0
177,2,209.38,256.4,93.47000000000003,40.60000000000002,1,1,1.0
177,7,380.08,239.63,132.92000000000002,77.73000000000002,1,1,1.0
178,2,209.38,256.4,93.47000000000003,40.60000000000002,1,1,1.0
178,7,373.12,241.18,132.92000000000002,77.73000000000002,1,1,1.0
179,2,209.38,256.4,93.47000000000003,40.60000000000002,1,1,1.0
179,7,361.34,239.79,132.92000000000002,77.72999999999999,1,1,0.0
180,2,209.38,256.4,93.47000000000003,40.60000000000002,1,1,1.0
180,7,345.15,238.81,139.16000000000003,77.73000000000002,1,1,0.0
181,2,209.38,256.4,93.47000000000003,40.60000000000002,1,1,1.0
181,7,335.3,240.15,139.17000000000002,77.72999999999999,1,1,0.0
182,2,209.38,256.4,93.47000000000003,40.60000000000002,1,1,1.0
182,7,323.67,240.15,139.15999999999997,77.72999999999999,1,1,0.0
183,2,209.38,256.4,93.47000000000003,40.60000000000002,1,1,1.0
183,7,313.38,239.71,139.16000000000003,77.72999999999999,1,1,0.0
184,2,209.38,256.4,93.47000000000003,40.60000000000002,1,1,0.0
184,7,301.75,241.5,139.16000000000003,77.73000000000002,1,1,0.0
185,2,209.38,256.4,93.47000000000003,40.60000000000002,1,1,0.0
185,7,291.01,241.5,139.16000000000003,77.73000000000002,1,1,0.0
186,2,209.38,256.4,93.47000000000003,40.60000000000002,1,1,0.0
186,7,280.27,242.84,139.16000000000003,77.72999999999999,1,1,0.0
187,2,209.38,256.4,93.47000000000003,40.60000000000002,1,1,0.0
187,7,268.64,242.84,139.16000000000003,77.72999999999999,1,1,0.0
188,2,209.38,256.4,93.47000000000003,40.60000000000002,1,1,0.0
188,7,253.4,243.73,143.21,77.72999999999999,1,1,0.0
189,2,209.38,256.4,93.47000000000003,40.60000000000002,1,1,0.0
189,7,243.56,244.63,143.20999999999998,77.73000000000002,1,1,0.0
190,2,209.38,256.4,93.47000000000003,40.60000000000002,1,1,0.0
190,7,228.34,244.18,146.79,82.17000000000002,1,1,0.0
